6685
182
1641
439
7500
4104
7020
9921
8370
5217
6885
5949
8678
3615
4412
2401
8606
3428
2869
7289
6393
4014
3423
3723
6544
4096
4803
8500
3570
9649
3212
4755
6211
357
1197
3897
6460
2183
7763
4720
3599
6559
9970
6884
9243
5220
5546
8954
5518
8988
3358
424
9051
2309
3069
1376
4286
6438
7122
9265
1952
8419
4683
2782
3740
6270
9835
5136
5791
2168
5324
2222
8156
2835
2328
5636
9233
7153
2671
2069
3095
6357
7092
824
146
6278
6133
8688
4989
8295
3158
8393
601
2456
7513
7329
1013
8000
2017
3186
5571
9024
9348
1836
11
5671
4232
6465
7649
3931
3450
5569
958
4212
8283
2101
4696
809
1461
8721
2729
1181
1697
6383
2776
2830
7731
9154
9039
2524
8814
4789
6167
168
3887
1299
2026
1321
5476
7793
8395
7768
4263
5962
673
--
8677
5298
1423
7140
4211
3738
7376
1920
9570
8355
37
7088
990
7210
8207
3051
9443
2004
4095
5493
5061
1157
5532
3753
9892
3082
6731
3883
2853
3407
8965
360
9845
2366
8117
1951
1054
--
4445
--
1313
4367
7260
3031
8518
8383
2542
4929
9811
2487
3268
9347
7106
6207
1570
8569
6546
8129
1022
5251
7136
6356
441
9425
8890
8152
7207
2054
3610
838
7802
8938
6380
9514
6718
3580
9540
8091
6866
7891
3720
9997
1396
8153
9605
542
7124
6388
8687
9136
7173
8188
963
4904
6000
8404
2515
2616
3264
320
9236
334
3886
4391
188
12
1130
4846
2454
8438
4655
8460
6327
2432
3404
4938
5067
7569
3979
7572
5462
2566
8411
2760
3927
1971
7347
7061
301
9982
2095
6969
6613
8941
2294
3925
8156
2534
2992
254
7140
1787
3014
3178
9737
8772
1285
4197
671
8186
4162
7959
3377
1681
1271
3189
2288
9384
1446
485
8180
3242
1805
9051
7359
6947
2384
2651
3168
4567
3351
2198
9368
6981
8921
5207
1318
9712
6965
4598
165
1525
5019
3680
1658
3363
8330
7082
8317
3755
4389
6344
3945
2962
7467
2671
8724
3571
5834
1101
3348
4646
6397
36
3326
3085
1363
--
9590
6420
7781
656
9081
4636
4162
8016
4769
149
4286
3823
8865
4946
7154
5277
7528
817
4874
6258
546
4754
4471
2831
2561
1563
4633
1655
4623
4538
6566
9403
9788
4289
5905
7378
6572
6746
4370
8712
1299
1747
6493
5788
8514
1182
6369
887
5467
9431
4495
2037
7836
5826
5704
2134
7979
577
478
1881
9170
8918
7420
4557
2633
181
9359
5420
9859
9707
3990
8825
753
9538
211
7265
5955
--
1885
6209
990
7316
3698
604
8528
2254
9695
5927
4870
6385
9251
5742
5659
9989
1444
3938
96
5837
9400
6575
890
370
7911
4369
8969
4691
7487
1974
4862
7587
8366
8953
6063
--
662
5899
9346
5310
468
5678
6569
6776
9323
5524
9697
5416
915
857
3549
9613
2041
5045
9395
9798
580
9947
187
1206
760
1553
7987
6224
4880
9096
566
9909
9794
4987
5304
1912
9628
6671
795
8725
266
579
3957
8808
5227
2519
4290
9521
6998
2415
5576
7092
7055
6244
3548
1423
7448
7334
1535
3509
4775
5329
4867
9107
8707
3198
5522
547
5702
4343
8329
2310
3799
1541
6795
5805
2459
2651
8891
5956
3974
3572
3327
141
5346
2310
9530
7247
510
6824
3582
4392
183
5665
7836
8975
1978
9465
7553
943
6858
790
1843
822
3950
2377
2893
7677
8904
2419
5531
1440
9098
4849
3655
114
7652
4401
4539
9233
8190
9108
3130
5880
2
4360
9468
5776
1004
4337
4900
9298
3440
8901
4961
7928
4139
4380
7811
4261
2889
5047
6839
9604
9831
7238
2670
6019
8252
523
6362
160
8562
691
4974
6850
3306
1296
4796
3119
4876
5973
6974
515
1347
484
7543
3240
7432
9663
2569
8740
7617
9546
8825
6191
4519
5805
--
8238
4868
5831
5945
7716
3192
9892
4318
6768
197
9767
9233
9007
341
2973
4802
2410
3693
2550
2855
5460
5065
5230
4760
5866
73
3353
6365
3078
6506
5041
3254
8176
5327
737
9000
8066
4046
9439
7282
9746
8414
4942
2246
5943
2629
5530
1155
9512
2096
9837
1650
9582
9194
4821
2290
4954
9189
462
8965
7876
4928
5725
3117
5547
8681
8239
7059
2583
581
256
328
2090
7506
3299
1400
7698
8909
4112
3565
2173
1360
8031
855
3855
9861
3704
1334
4512
9403
6148
5950
7141
3316
8602
3493
7093
3181
7499
--
3227
3956
1473
9774
7764
1322
3052
7274
8097
8936
4052
5277
560
8485
7989
1733
2994
9423
2634
8245
8077
4374
1202
9717
3893
7029
3825
7347
669
8997
9915
9088
2858
3745
3332
9919
2686
9268
6299
115
6979
7762
4765
3242
6067
4139
7674
143
2741
9420
9928
5176
7542
8688
8234
7096
995
3471
7121
6605
8478
1129
4548
9154
870
7385
3355
1448
5918
4290
1853
9985
7168
7415
9686
4159
8497
8874
8041
6631
6429
1922
697
6360
5866
6301
4375
2015
5405
457
4673
1172
406
851
9270
7861
5155
8112
2887
1989
8433
7709
8316
8102
5003
9598
7526
4236
5730
4432
1918
5626
3542
7820
1137
4342
5599
8929
9329
6280
7840
--
814
6317
5144
9312
6046
524
3695
2575
4303
5094
4772
6361
2930
1404
9708
8222
8785
1599
715
4470
5828
8940
8275
5810
--
6018
7937
8591
2343
1157
4332
3709
6488
1762
5183
2527
8631
8698
351
1810
9348
8664
794
2999
5181
3245
6038
9921
4123
6313
1573
5160
3404
4320
3836
4488
485
1235
6094
6548
9873
8014
4470
787
6856
9939
8871
9746
8283
8229
8186
6322
8409
9702
7475
9170
347
2502
5729
7803
493
9493
1898
5760
3670
8170
6352
5146
2999
1275
9075
6698
6709
2976
766
6191
8609
7823
2741
1647
1460
2391
6226
2524
4199
9056
2528
3746
6838
7732
454
--
8909
6157
482
3547
4347
826
5916
9862
9404
7928
6447
3157
1205
8936
2511
7022
7531
225
823
1811
4895
116
321
4681
6751
4446
7712
8680
5916
6815
4277
1922
7425
9558
243
1075
3803
6673
4235
8037
5746
9197
4800
2683
9508
6933
7711
1727
7481
3352
3744
9895
7851
776
3810
5658
602
8199
2219
262
5806
180
9953
6830
5672
6681
2416
5010
3796
4925
3208
1446
7592
5624
2656
2586
7057
6201
4602
2390
5987
1469
8577
1924
5757
8084
5748
6187
7761
2467
9538
9594
5027
2377
3066
9621
4033
7229
5888
1478
49
9085
1331
3266
7168
6406
2473
3073
5134
8399
8024
6608
7858
8961
2197
1563
6435
3892
2999
1616
7343
1962
2773
7025
7286
4472
1069
1641
1010
8555
4064
7097
5292
5938
--
3157
6063
9251
4998
883
4650
1964
963
3824
1414
9929
9341
9661
6272
4232
1235
1386
7346
6851
8504
7337
3556
2399
4906
6367
3151
6513
8349
425
2484
1835
7970
3923
8217
7219
2437
9283
5858
2128
5446
6921
45
2097
4882
3571
8706
459
1213
6547
5412
2569
2587
8847
8339
--
9504
9208
3928
3341
1320
7146
3790
8936
7753
7793
5322
1777
7100
2137
6366
6692
6501
5587
8948
3375
9073
2258
2836
4305
2914
6726
7284
935
9265
9002
569
5635
1318
330
8761
1944
4623
7841
1064
1380
2884
5354
2035
1990
3911
5081
7149
7697
2135
2563
4109
9817
1094
9379
3055
2439
5921
9387
4273
8784
4303
2514
4562
9088
6290
4077
1887
9893
8129
7424
8066
9385
940
995
3512
1147
7352
8185
162
5057
9298
9555
764
8524
8381
1784
6251
7239
9707
1215
725
8937
362
3810
469
9177
7614
3928
1897
2018
697
3394
7100
1258
1743
5808
956
6647
5759
3193
5691
3423
8941
3209
7323
2684
4306
8984
4523
5996
5271
784
8830
8492
9441
6707
8566
6703
3125
3601
1337
6206
9777
7260
6333
9241
5364
9901
3363
2330
3145
1946
8857
--
4420
6244
9819
2829
2813
3182
5178
1077
4710
8921
8676
8311
8302
3856
7964
4854
9414
2306
1007
5524
8638
193
2643
4297
1264
8871
4996
7435
934
1538
2800
7890
7029
6803
1333
452
9871
1927
--
7839
2523
19
4505
8092
1125
2448
2277
4783
368
4371
7852
1787
2159
9661
1122
3850
3311
2987
266
1932
4712
7965
7153
9899
5715
8191
8758
6337
5785
3887
859
1946
524
5509
1780
7919
2648
4916
7243
1645
3235
1049
7417
1293
1204
3926
9908
8538
9787
9756
578
2764
9890
4943
5918
8234
8229
1457
2577
5079
6349
3135
4883
906
8061
7814
7890
2986
2742
8371
3667
6542
4038
5878
1381
4090
44
7063
8431
5514
7941
9315
9106
3854
6992
4938
8374
6913
5156
4381
2983
7164
6217
2122
699
1278
7047
5302
2469
2135
475
3571
5078
1992
5625
1961
6847
8136
155
4340
1933
4371
8958
1687
8933
1489
8048
3269
5973
3216
350
881
8347
7140
8687
2550
6007
9279
1177
3859
6224
512
627
1668
7492
1721
9446
5938
1989
7156
9276
8486
1293
4114
4247
1932
8665
2462
3543
4822
4474
5574
4340
820
9273
9166
6132
9283
1263
4998
4011
3058
8655
780
4172
7617
--
8397
5811
923
8651
5495
1775
5452
7331
2785
1013
5178
9598
391
7371
8662
4839
3671
2872
5503
7868
4954
962
6954
6710
3441
7198
8830
6116
1598
6103
5549
696
8215
1018
5470
6147
3505
271
2
8355
5358
5980
8876
9537
3520
7948
4288
8672
6874
6720
6501
5710
5133
2760
972
9989
1173
9747
4781
5291
6058
999
8032
1005
2040
652
3900
3892
7633
8665
3208
7213
7025
2542
7407
6652
8895
--
3550
8517
3935
5332
9998
4901
8847
4679
688
9381
763
8416
1449
9581
9435
8035
9365
5551
4787
959
1597
9323
6612
5681
5909
2062
9262
2108
508
2211
2201
2717
6699
5106
3264
4761
191
3078
3874
6910
375
977
9086
5345
1664
7056
6702
731
2766
1819
3490
7185
5976
3658
5092
7652
562
1387
5641
505
7112
--
7403
7410
2669
4010
3181
1638
808
3301
4954
7909
6521
2060
6300
1426
4548
3324
4593
6877
3881
2738
9312
6484
5851
7296
365
7264
6518
8914
--
7302
4103
1282
2493
1239
4987
422
5144
2462
8562
9814
6791
9277
3864
7983
8621
540
5157
9683
4540
2601
2301
3124
6990
1126
6521
7763
2878
7360
1107
6639
7132
3089
2765
7468
9140
9689
2478
1459
3890
3114
1286
1384
6150
5942
8892
6139
5184
995
6990
3070
8064
8809
200
415
8408
8819
7236
5373
8594
4275
5218
2279
5560
1334
7277
4089
8952
4529
7609
670
1835
6443
1068
8882
8534
1193
--
333
2130
3517
828
925
6170
1322
5235
3713
1908
0
1000
5900
3966
5878
1935
7653
2611
6735
3635
3257
8662
6494
4969
5208
7456
6249
1952
6598
8156
9469
732
8727
2340
6256
4453
2943
3785
438
5999
7477
1338
6458
9973
1115
8605
9547
6515
4466
3182
4681
2142
5392
7678
4264
5540
7757
7952
929
5711
2482
8955
5979
617
2420
6241
5450
8840
--
4499
7929
3330
2122
3190
3605
4368
7276
6027
1484
9676
8841
9101
4101
187
5830
1915
6290
4679
8490
7199
174
5422
2740
4582
6604
8063
5768
80
6971
8857
3103
7466
8028
6612
6364
6473
4669
2674
1889
3904
5219
6608
7060
3209
5880
8312
9028
455
5296
913
1613
3787
4255
8638
7264
4516
1380
7891
3254
570
1386
374
1645
9506
4474
5206
3743
6971
2865
5915
4000
9703
9472
5552
389
4203
1909
9931
3201
64
8974
5570
3871
1226
7514
357
133
9408
2704
7770
5240
6051
1206
1694
3416
7863
20
790
179
6912
2415
3034
8313
2967
4651
195
6185
6151
8565
470
2777
8523
1630
5281
9946
8902
8885
9934
7096
5342
1172
8980
3022
4093
7605
7418
5754
7657
4543
548
9279
4324
2963
1529
3035
3613
5781
8207
--
6056
8987
2933
7924
2503
3048
5172
3134
99
1625
497
1395
9394
7956
3199
9195
11
8645
4058
627
9191
744
5458
478
1526
185
5814
2139
5603
3499
5499
3153
7869
1029
3200
7834
2405
2309
6144
2373
7424
6106
7152
7067
2484
1937
8471
2520
1621
3740
1821
969
4725
3662
6003
5741
9173
6943
8229
8113
4701
664
4453
7977
2674
3684
9229
1803
276
7505
1562
5591
4747
1195
5864
9832
839
3942
2977
1316
3943
5823
3095
8512
5352
1499
7068
5208
7982
1431
4141
7102
1154
8795
8531
8280
7959
6388
8890
931
9446
8224
8116
4536
3099
5850
802
5545
5797
7170
5209
1283
2750
9517
6643
41
319
9704
1343
8859
3315
3351
8897
9632
6304
8282
3869
2700
5735
2916
8938
282
360
9264
5869
5204
1669
2097
4057
1151
6864
468
6498
8915
9134
776
5304
1485
8499
9884
5321
1273
7905
5976
549
5759
6521
1993
7242
8837
8764
9722
3981
6162
6445
9248
6504
4399
1602
8858
9365
7197
173
6011
5956
--
2320
4224
9300
4807
6333
9181
2140
1793
7052
7668
6037
5054
1262
1300
2220
430
5
6191
5503
3314
9718
1173
1499
734
7821
4669
6863
8671
5875
1277
1924
8399
8367
8012
552
2864
1189
9403
8825
5803
7409
8191
9421
5894
550
8735
2978
1625
5046
4870
8663
9892
5363
7465
1352
8344
8887
6161
3473
2208
--
4064
8358
5418
5683
4790
6086
638
8884
1045
4415
7416
4379
4908
7375
264
8078
2642
544
2859
9541
3711
8559
1261
6912
3278
6749
5413
2352
4013
3275
9807
3486
5376
9402
1293
2978
5505
4713
9418
7961
5555
7192
9409
7936
6018
164
3441
126
1891
1207
--
8043
2042
1639
7349
7344
3267
8984
8036
6982
9360
8636
2373
6433
1972
6899
7359
8603
2080
7879
4193
8198
5899
419
7488
7894
6887
2888
7038
3334
6106
186
396
4205
3109
5317
8982
8647
8406
9331
8118
3048
3349
9955
2554
7539
4114
4965
6548
6271
6208
7623
6479
5992
9821
2269
5928
7092
2683
2574
693
7559
9162
8441
9365
669
3955
9519
3280
8564
6230
5485
1651
5438
7841
6753
3915
8179
3575
2243
4174
3101
8704
3493
9330
4115
2456
6319
1279
5799
7887
7846
6187
5765
5960
7483
3719
7305
9490
5826
6120
8544
8642
8209
1703
2232
2571
389
4163
3385
4495
8296
194
1389
4232
8224
1680
1611
2924
640
6470
1843
7361
7654
4328
2194
2975
5367
2731
5533
768
8214
6721
2216
459
4040
5348
1290
2048
1657
7505
5113
2761
9625
5380
2101
6069
6021
5550
8885
6302
184
7317
6839
3468
8606
743
9802
3587
2623
7766
3334
8612
889
5617
3136
2338
3733
866
6276
9865
7351
4912
5704
8437
1832
2110
3435
3681
9876
9265
7423
3735
33
538
2416
6816
7472
2012
2208
6666
1309
2780
--
2546
1323
8244
5098
3354
6243
6575
4122
1528
460
2745
4740
183
9422
8438
5299
8471
9989
7228
7341
821
8288
5735
3611
6554
5799
5329
9009
5039
1804
5102
602
6865
1341
822
1799
6259
6869
5713
3383
320
2012
2163
3918
7658
7143
5894
3480
5664
9226
7737
7481
9598
6681
4287
7264
5316
1771
4109
8376
8039
9865
4726
8398
1789
1734
4725
4619
4437
4175
--
6986
159
9390
9417
6663
5458
1608
7091
389
3204
1237
4651
2802
8486
7551
7871
2186
1280
3098
8339
2490
6737
441
1777
281
3741
6894
8521
246
1315
2747
8641
5808
6766
7156
4133
3235
8290
9529
7656
8523
3020
6946
9368
6547
7417
2604
573
3049
4828
1238
7109
1183
2765
--
5449
3899
4442
7944
6905
4944
4377
5741
6197
9969
8393
6949
4219
6773
7072
5518
699
2481
33
5873
7203
4138
1219
544
1521
6761
8148
5646
9599
2249
1376
4097
7902
--
3285
9207
6381
836
3437
3857
8482
9562
3900
3579
1521
4485
6278
9456
5537
3046
7111
4321
3470
3975
9196
6966
674
2589
1757
6497
5399
3936
8021
4111
9358
1669
6154
8768
5774
527
7540
7376
2045
2134
9453
6906
6811
7494
10
5243
9798
5276
8147
3067
6216
8739
9258
6749
1952
5042
5698
9928
2934
1459
6136
6042
1234
42
2330
5469
3210
3816
5021
5754
5161
6560
1214
8468
1473
7356
2188
8671
6020
8065
7754
1608
867
7284
867
1309
6721
25
8701
8690
140
3673
3437
3270
347
9939
2367
8170
1307
5050
998
3121
9993
7551
9717
5854
4290
9619
5419
7976
3127
3440
9716
3800
6932
5164
7352
6116
76
9226
2351
3338
7496
8458
7205
5488
4699
1759
4801
2798
596
1336
9974
6023
5622
7463
5650
5159
5100
4452
9277
8022
1643
8411
2479
7065
7035
801
7552
423
9177
4725
9679
6974
1692
8208
6810
4690
7470
4521
6823
4898
967
3581
2174
6947
9108
5366
8952
2016
7780
4798
2321
1691
7638
3001
8557
2689
7423
4757
4116
3880
4637
4482
7951
2294
9540
4938
8880
3071
138
2477
8215
4236
6192
9608
3137
--
3767
9577
7232
4812
3773
9883
277
6810
5924
6398
9654
7280
2979
9078
6729
2099
7195
4767
5358
8707
6713
1047
8177
9233
7840
5354
6277
3975
4407
5466
630
1409
2582
3946
7503
1177
4650
2563
8884
575
864
7594
9565
721
2186
5621
3347
7335
7232
1753
2944
2914
656
1324
8140
9767
3117
1703
8786
8180
3507
9074
6404
6685
341
7162
8457
5797
9799
5616
844
8058
551
3080
7618
8898
4822
9683
4738
3265
7099
7390
6892
5061
4948
8754
1172
3862
5639
6280
9374
6313
1650
3468
7234
9403
2908
6207
4679
1986
9399
2393
3577
5989
4835
582
1819
3677
9155
2868
3030
218
9095
3842
3244
8458
6013
5766
549
4172
1636
6024
2121
9619
9070
6263
7469
3464
7448
2302
882
4229
268
8314
9238
1923
6135
6895
8732
4110
9825
2369
4081
2934
8312
804
4773
5836
9237
5987
3576
2711
--
4984
1608
8464
6853
1046
7639
2271
1050
2696
7906
9435
1167
426
314
3393
750
157
--
5830
6324
4626
7099
8137
6822
5059
5452
6496
2229
9226
4362
9665
7272
2496
875
7120
7535
5044
2395
7192
9585
4792
1728
9152
989
4408
6305
9057
9149
3695
1664
3728
612
8835
844
7192
43
7055
3162
7261
8435
1995
122
8314
3376
8791
4751
8713
5464
882
590
8526
3138
684
3151
7312
7230
1589
7194
4165
8764
5285
238
1031
8056
5206
5061
7314
7748
4029
4370
5967
7040
711
3668
1135
1752
6495
7871
6453
3479
5098
5756
2280
4372
4814
1041
6031
8609
6211
9542
6976
2352
3393
8288
4676
7202
3341
3791
1137
1005
7288
2832
2520
1592
2411
9675
4890
7179
1022
3773
694
4851
1137
6455
3117
8282
1266
7067
4824
1411
4614
2460
8286
5584
859
8833
4250
4060
7468
436
2757
3757
8880
7133
5071
7495
3592
7166
9735
4015
2997
6719
1648
7351
5996
8273
8808
2859
3515
9506
8626
6123
6229
7623
6580
8150
1676
4955
5648
8053
8265
7648
9085
--
9057
5779
535
2889
1774
1031
466
4256
1976
6467
6943
8779
736
7086
8454
4365
8339
1070
200
1880
8055
9344
86
566
2079
8882
5539
1856
4800
8817
241
2056
682
2183
218
5925
9306
9281
5305
5489
4142
5561
4901
6956
4708
3190
2519
8186
6018
4053
9935
6322
5179
7354
8654
1137
2862
4253
4745
6571
9847
715
4484
828
8655
7160
4723
48
4559
1956
9842
2503
4793
3263
7021
2758
708
787
8733
6248
2942
3678
--
8148
4343
7079
1374
1696
6439
3157
671
7333
8188
9787
6328
2794
872
7814
5187
9284
5163
560
8870
9013
7300
5105
9083
5878
8140
5566
5557
3970
6098
1134
2904
4209
7777
5859
2527
3245
8484
5412
7391
2747
1754
4339
3458
5657
1068
360
229
4031
1344
5788
5284
8393
6935
5445
4029
2483
814
6929
5668
2515
4299
3575
9720
5966
5662
8839
4193
9341
1407
2585
2017
5072
4885
501
2844
6537
5485
7498
8107
9483
1328
9002
2368
3034
4743
6935
4898
8583
2792
8190
3925
2783
9002
7099
8711
5567
1360
5853
3181
2458
2947
2253
7266
4427
6290
8118
3093
600
1111
315
143
2140
4129
6220
3749
9030
8684
4618
2699
6642
5215
8132
283
405
7850
8892
8840
6265
6350
6025
7187
6590
7919
5374
2097
5822
5278
3632
3628
5850
5443
5046
8920
5075
4396
7682
0
7660
1713
9606
2225
6575
2149
3457
1046
821
9295
6108
8849
2645
2337
278
7193
9029
5692
2235
6112
9415
9848
7374
4905
4129
9669
9814
1728
9606
4005
284
6231
9562
6690
9234
1027
8484
9478
6421
5574
7208
1468
9106
8465
7631
3911
9015
4881
--
5463
5009
4487
4262
3248
3096
9969
9576
7613
2126
6176
6150
1934
5475
8584
5971
5333
9860
9318
0
6681
2752
6234
5323
1360
4577
5245
3764
6398
7943
5274
5148
3002
4377
2068
7250
1538
6190
9159
4301
1368
5376
2823
9607
1894
4165
1344
4951
8967
5982
5780
8748
9938
9305
4662
6823
7788
7896
6226
7832
1037
3421
4727
614
6488
6417
3407
3465
9828
5936
287
4901
5248
2145
9617
6726
5091
5767
8464
8494
8761
1004
714
4515
7251
8090
131
780
447
6486
5067
756
9616
2053
4916
6009
1794
6229
3080
9921
8264
1637
8038
2370
8121
5395
3640
3209
5065
3132
3470
6530
7093
6954
2340
6436
1510
4839
9577
5126
2917
6621
4219
7606
7999
3359
9069
5239
6564
890
4836
1559
7400
6511
853
6882
4554
4346
7721
515
--
3609
5493
7540
3439
5557
7193
9301
5072
4499
1142
2903
1016
5497
5717
4431
4989
--
7616
2849
4452
8479
4768
638
7838
4319
1577
9826
9483
66
6964
907
6644
5064
2666
4518
2159
9581
6892
1224
7855
8381
8137
5760
6377
556
5986
548
1817
6637
9752
8995
2821
2493
1160
7232
6100
5257
7372
1067
5620
2322
215
1725
7731
2009
7419
1373
5084
2609
5655
1026
5477
5770
8608
832
9028
759
9349
9652
9135
9498
8820
2305
2576
6290
8140
2753
304
8208
5602
5956
1900
5262
2949
3766
386
5548
7135
1445
3168
1645
9740
7298
577
8350
7994
1866
3243
8693
6886
5245
4755
4385
1550
6397
6806
8338
2640
6235
209
1210
5519
5149
6040
8604
2991
4031
9503
5746
473
383
2411
7271
--
9705
7849
5010
2372
3989
4970
5020
6191
3266
2593
7144
522
6855
1764
5574
8157
608
4913
837
4760
7383
244
917
9501
84
2278
6640
435
3811
5961
2025
4933
2603
9406
3920
8574
9954
1557
8836
9486
2810
6521
6026
1997
7796
2334
1133
4634
4427
4755
5250
7756
824
8196
4630
7958
8312
1656
1009
7806
9086
5203
9296
5870
186
9250
9093
6814
3329
2578
5807
1584
1439
5047
4927
5172
779
233
4137
2712
7044
1891
8198
4633
2349
6672
1055
9070
9249
3134
6378
9053
6743
8141
3508
3014
5777
3276
6968
9285
4900
5088
4401
4053
9805
206
1089
1595
8447
6952
667
3518
1718
9208
2455
1451
58
352
3118
9440
2371
3631
4052
8242
717
9310
2786
5378
8317
1894
2648
5681
5324
6696
4963
5045
--
7485
6221
797
1828
1720
2575
968
519
7024
8651
4966
8486
4785
650
6354
6896
9180
5713
5623
4399
7195
9440
6286
246
3744
5446
1923
3655
5642
8550
167
4883
6841
405
1888
251
3858
417
2914
652
862
3229
9190
2243
3445
9920
3369
1059
8363
9500
7898
3898
4401
1339
8700
1225
1645
2697
5479
5520
9270
1132
5402
2055
9039
6855
8739
8647
--
7463
5741
34
8942
3010
6644
8830
9351
9655
9465
2118
4945
9821
5730
8229
8057
8860
6105
6681
1284
7377
5769
1317
9747
8340
2693
8069
8241
6125
889
2699
7386
9113
9291
7303
670
2723
2705
1954
986
8155
3340
4769
703
1190
1921
7306
8180
1506
8732
8500
2412
2699
9947
9023
3963
8435
8087
7162
7330
5732
1529
4934
8763
8750
7602
5632
2539
6619
8351
9042
5172
7639
--
1997
6770
5848
8619
7932
8042
9582
6577
654
8811
9029
1712
9513
5715
5544
2663
7992
8458
2436
5085
9743
5088
9091
8560
3241
7800
8467
4501
3362
7310
8383
507
7352
6716
6760
6948
2001
6214
2863
5967
4321
4779
3234
4431
--
4307
273
1827
9163
9053
3422
6972
267
6714
8207
5231
2739
4335
1275
9452
5369
6128
5246
7995
3682
5796
6854
1514
1933
8411
8609
2309
1400
3843
9514
2362
7585
7543
400
2400
5043
1886
1480
1798
4021
4737
3932
94
1047
8023
4566
5544
2349
8097
3953
8002
8731
8290
4105
4568
917
7085
4144
561
2888
1124
9323
6006
4278
6797
5815
7767
4373
2757
9410
7555
878
9171
--
4730
2017
1436
5245
2447
4668
768
317
8327
2137
1813
6914
8510
4626
2741
1152
7933
1194
8969
7815
6500
1547
9737
6044
3616
8977
3978
1297
1411
5431
8434
907
8930
7912
7523
7017
5595
6001
2660
7053
5021
2948
4424
4510
7104
9535
6960
3862
5551
9889
5409
2212
573
7069
497
6500
9193
3565
6521
3851
97
7403
1242
5434
8242
9334
3914
2296
8830
5404
8211
1147
4141
1557
519
1792
9243
4860
8092
7356
7034
--
3516
147
2503
8939
7406
6282
9651
2223
9038
3852
3426
3911
2485
1412
2299
6530
6780
4133
3126
5184
3170
7848
1461
4109
4003
7972
1916
8597
3867
6242
1093
8194
2185
761
6340
6807
1714
7894
1564
1141
6152
413
7474
708
2540
4595
8082
5466
5936
2364
47
1250
5206
8488
3488
5680
8126
2584
5696
1262
705
741
413
1218
4609
7934
737
4206
9307
2018
7681
1082
4549
8781
4061
5714
2437
7733
9575
8096
337
156
8035
9068
2929
2737
3890
316
3342
2023
8068
2427
8632
137
2354
753
8334
6376
3103
1859
4802
3922
6567
8654
1155
2287
5157
5823
4412
1237
3780
6630
2736
3736
8480
3634
1646
2490
9720
6112
8124
6979
6650
6117
2165
8196
14
1052
5159
7153
5741
5434
1665
4342
4938
9661
2433
3195
3045
5542
2136
5835
6964
4261
3927
4719
4228
8435
2633
2094
5069
6467
1519
7922
7998
6965
2121
4743
7862
4518
7604
908
1247
6071
3736
8703
6286
3372
6925
1546
7343
3773
8316
6685
--
2047
9896
9028
4553
2986
298
5082
5675
4864
5097
1932
2399
1977
9064
2800
2363
62
2272
4288
9786
5866
4540
1419
5790
849
4456
1568
2216
9140
6968
3621
6717
1400
6948
700
9933
592
9823
3545
9397
2703
989
1812
8037
974
1486
6796
1592
7351
4019
7128
7826
1017
6289
4352
1065
4347
596
4941
2131
5423
6874
2406
4445
2053
2617
486
2568
7072
4530
9925
943
3273
6115
7823
5024
4178
6398
5547
6371
8469
8702
8199
160
1449
6134
7777
3934
7546
5634
212
6027
6711
4104
3834
2905
1772
2299
8768
8038
4199
6715
699
8794
142
3129
2863
5189
2707
9887
7440
1010
9296
3131
2299
6859
3006
8338
8379
7801
6405
713
6769
1971
8639
3755
2031
3198
6574
4737
3062
8365
3109
6245
5162
6772
1823
1067
3538
4160
6016
5224
4929
6834
6956
2508
1068
9696
2429
366
728
8170
1208
5548
9989
2838
8640
2725
1993
6725
7866
4087
1719
4016
4318
--
7788
1133
2362
3999
9177
7188
3563
1498
4637
3367
1404
--
9842
9220
2276
920
1364
7779
292
1240
9359
1766
7151
7160
1677
9681
5161
3446
6381
8539
5996
921
6161
9310
4687
234
5059
4179
1852
3518
9732
785
1580
9845
227
928
1808
1539
2702
6324
5324
9266
3969
1463
9780
7656
9004
--
7442
5574
5735
9547
589
8949
831
6072
6236
4902
3404
2313
4430
9260
8545
38
9256
9572
889
8946
8695
4372
5991
8672
2713
341
9999
5776
8594
5176
3158
2129
3997
795
3733
2419
2449
569
6858
7811
2936
3632
3231
4420
797
9440
6370
4571
8836
3043
8566
6645
206
3164
4353
159
4084
3914
3487
9185
4123
3975
8222
8421
5706
5328
2912
5030
8000
3601
6034
2195
1361
2315
3386
9493
2009
527
3255
1550
3395
8574
624
8786
8330
7510
2291
6270
4690
5386
9808
4739
2700
3264
--
8642
7134
--
9452
8784
3049
2386
6748
8388
5357
1947
4321
2215
3687
5776
9878
5661
663
4096
6139
608
9644
8663
4700
8584
8879
2721
7926
708
5054
444
9017
6656
6592
1032
6473
5061
1076
8196
8120
6914
8668
4949
1019
199
1450
2180
1925
5372
7652
4112
3541
2334
1914
9110
5431
5996
7039
5569
7657
8124
997
5747
5054
1932
1166
800
5447
4746
2140
7996
2570
9329
7241
5328
8974
9259
836
6611
2120
6528
6823
1474
1200
6967
7742
4447
2659
3643
6598
4148
1380
2081
2101
3178
7030
8015
3934
6478
3126
1754
183
4504
2887
4895
9443
2521
1600
901
3886
5709
2539
2052
7044
8853
3245
6899
8394
5906
3725
7755
--
6824
5009
4231
1172
9594
5549
1175
9992
2099
1011
9209
9317
3181
1429
4432
2161
962
6030
9818
169
3368
3880
1834
1167
2793
9003
501
7278
8926
3938
7079
1481
8129
4160
9542
2284
6603
6067
9445
4603
817
125
1386
8890
2155
6488
7370
8013
7426
6715
6735
7434
5784
7745
2505
7805
2173
2895
6615
8541
9479
6426
9643
8411
5174
6923
9801
9776
7503
2061
4952
1795
4347
9377
9047
3679
8540
9198
7359
234
3899
7230
4707
4706
1688
7780
7439
8501
7056
6172
8992
6080
2494
9080
3019
5995
7054
1170
8658
9659
8570
2315
7973
1782
6085
5782
1110
4317
5128
8059
6205
6061
8277
1317
1430
1170
4206
7084
6909
400
3095
8798
5866
9980
1140
6154
5986
9571
546
5868
3335
7111
9697
5320
199
9973
1195
4013
9033
6800
5856
3634
2746
3534
5673
431
5442
6692
4354
8082
--
8328
8167
2715
7823
7904
8452
3955
9553
4790
9815
2637
9597
4828
3378
6395
4220
7628
5321
8634
6172
8252
8878
9648
3934
6967
7389
9491
4825
3661
4241
2370
6086
6917
8600
9322
3183
6332
9259
9733
2927
9193
6645
8637
9792
7429
8188
6965
1151
9188
9048
9800
4938
3242
7736
329
3447
5561
2200
838
9731
884
6329
5642
1712
6592
1947
2781
1149
827
4316
5338
6810
156
7272
5982
5678
7065
4804
3247
6160
6436
9297
7927
5069
137
882
9530
2486
8959
154
2899
7216
3752
3542
4630
5777
6783
9565
942
8251
671
2329
6142
7536
4514
5783
8803
8465
693
1727
9604
168
9649
8759
4803
1020
7208
5163
2395
3741
251
3873
8352
4581
7871
8145
781
6923
4995
5080
3919
7753
5319
9380
3691
9106
3265
6711
3534
824
2614
7303
2664
8584
7109
7690
8244
964
8702
5220
9507
7022
3454
7457
2828
8537
483
6908
4459
7670
873
904
6221
6008
1104
1461
9276
2918
3668
8339
1829
9811
2454
3224
498
7353
9744
4793
3730
4755
3365
8451
2101
6634
2540
--
4474
3973
4458
6299
6781
4137
7633
7925
6830
1902
6933
124
9659
8959
4179
8274
8944
9338
8455
8207
2558
3206
2253
6541
1449
2052
3509
4747
4305
1596
5805
8842
9974
3735
5962
6049
5225
9501
6276
6824
9916
9375
3352
161
4499
3925
1240
2678
2289
1824
6670
2827
8008
4785
9624
4107
6027
6152
9230
1083
5742
1644
6768
4956
5631
2897
6173
4881
8454
456
3267
8851
6907
1791
8365
7034
5330
3472
7399
3758
2061
188
5769
2320
4559
5419
1146
6005
9864
3383
7145
9145
9302
1227
1788
3719
450
9529
5050
1133
2567
4500
--
7381
1819
5022
8052
3341
6431
5193
6037
8077
6344
4985
3419
271
5228
7939
957
3642
6267
1483
4032
5953
9882
3214
2559
5552
9476
3403
6356
7902
6146
5292
9286
3878
3396
3827
5673
990
587
7181
2271
4363
8367
8753
7591
4526
7333
925
7360
4913
9208
9076
7088
2448
5885
409
2933
1278
6608
4415
1234
725
487
5327
146
7931
6976
7279
9406
3989
3285
1376
6158
2795
8405
1630
481
7215
2301
8098
474
8692
629
3444
345
232
3861
2219
3343
8194
6405
5102
9864
9230
2498
--
475
5354
4236
6997
8506
614
2309
1720
7717
--
688
7573
9664
8177
6671
3414
8123
5403
7844
1595
971
4329
7534
3498
4287
3390
2362
--
3221
3969
3789
4821
6320
2645
6798
8998
7825
2784
7981
6355
6319
9476
1014
0
8411
528
3800
--
3610
4245
6691
9030
1722
8199
4068
4777
6899
4758
2578
9897
4585
4264
6540
2205
8452
5659
4765
7495
974
4640
7931
2621
4880
7046
9746
7566
3054
1344
3129
7893
5797
7238
6464
4929
2171
6009
9596
3232
5599
9372
8915
571
7052
4518
8571
2921
5141
3979
5686
7543
3361
1723
4124
6687
9458
4606
6600
4779
7701
7201
865
2706
181
7231
4826
4949
295
4325
3608
4062
5029
1845
6265
6214
7353
6491
5542
8187
1029
5441
--
6408
1241
5445
2750
5263
45
1268
7907
8065
1389
8648
4141
5775
6621
1945
5522
5534
7007
2193
6989
8361
5825
1960
3751
717
6371
9680
4862
489
40
9867
1171
7101
817
3628
6132
228
8490
915
3023
1705
2988
7750
9822
9805
1975
1787
9927
4376
6871
2525
6540
5015
7418
7012
5299
5806
3298
7606
3914
87
1115
7260
5174
2208
447
290
5995
3259
2882
6703
5394
8158
8104
5000
8172
7785
3741
3656
3251
1401
378
9590
3658
5614
6870
4639
2908
4119
9392
44
8488
7794
8179
6353
2071
3407
6228
3970
1223
4855
--
5315
724
4990
5675
2879
2794
9348
8843
8553
7203
1856
7219
7565
3863
6172
1892
8086
6334
9837
8503
4477
9235
9260
3050
7486
9731
4324
8955
7579
835
392
7160
3963
6392
4236
2468
6453
3147
5730
3188
110
5982
4772
7600
2355
2165
82
4438
8400
1390
4736
8455
8639
2310
9707
1005
464
7464
2799
451
1785
7942
6006
670
1772
6092
7888
2188
5178
68
3262
6384
2300
--
4286
4994
1387
--
7480
4069
1128
7250
5561
6215
3158
89
6318
2581
2045
7030
2930
6404
9246
9930
2056
1869
2064
2677
7958
5705
2243
1516
803
8865
4206
9044
1615
8201
9814
7186
3258
9755
4730
8351
6671
3135
6192
518
1403
3814
1286
9004
8584
4415
9995
3482
8256
2518
3660
2243
710
1783
9023
6440
1125
3522
4483
7164
4411
1138
5459
9593
498
4941
3538
7763
9545
5434
8613
1626
3839
3340
1706
6540
112
423
4990
7258
9575
7842
9489
492
9983
8844
1797
4376
1469
7402
3662
1098
4262
9837
8303
1891
8738
4822
6767
6328
9833
6790
5107
2119
4019
5366
6961
9009
2208
4000
1896
--
9528
3973
5806
4396
8160
5456
2122
1965
2336
5391
8863
1990
5266
6914
3518
746
6315
6661
1054
8114
7220
85
7538
3593
1376
6450
9502
351
997
3675
5069
992
1380
9440
3657
2439
5295
414
3867
9276
8370
3799
8335
3256
3704
8628
1026
340
192
8015
5314
7628
2287
9426
4290
9077
420
5308
4729
9157
7322
7196
2954
3700
2992
699
4436
8754
5521
5548
24
4678
456
7556
9571
934
6875
8581
2105
1590
4465
4831
7971
1472
1255
9346
87
1804
2920
6560
9754
2632
5803
5017
1143
1367
4493
951
2027
9243
--
1052
3219
649
5560
4891
8564
9150
6176
6406
663
4893
8302
857
641
6747
4736
1191
3669
5924
7255
2355
9561
1325
561
9365
4234
4942
6691
9779
8373
9241
7790
5330
394
8213
7901
4716
623
5599
3924
8936
4854
9397
7430
397
7538
543
4381
2991
5481
9907
3328
1575
555
2901
8598
7463
3760
2239
4657
5103
8403
2159
9893
1078
3085
4364
5566
9427
2348
6851
8318
8540
5341
2852
932
7100
1865
4959
2352
9718
3032
8192
1354
7087
2142
6400
957
4153
451
751
9813
7213
7748
3834
8176
6121
3760
1196
7977
9888
7375
2699
9706
8996
2764
4258
6874
576
6040
951
5367
6798
408
4177
2174
8740
8553
860
3394
1694
5112
3536
6645
8256
684
6490
4635
7248
2210
8909
5158
7425
7670
2064
6871
3978
627
8234
5825
8171
7373
6317
942
9027
4918
188
5946
4493
2877
1588
7814
8878
4722
4627
8135
6247
9193
2517
6255
4948
1370
2031
6169
3710
3008
2242
765
1044
571
6178
6913
4082
5366
4344
8883
8205
1884
749
2750
1741
6272
634
6129
5109
1709
3291
1864
5063
4587
--
7106
1996
8419
2000
52
8563
6748
9894
8230
3656
4552
2853
6738
8226
4102
6713
5269
4808
3547
9053
6179
3618
3151
545
80
3081
3492
8025
6926
7609
5380
7889
1210
8983
8180
6981
811
2118
2397
7113
1854
6431
1774
9474
8133
8535
5507
1389
9917
5251
525
8045
6837
7740
3654
5366
5076
1915
40
6977
4360
300
7792
9444
2633
2733
7999
7557
8517
4697
3809
7122
1233
5319
8524
4312
2165
8642
118
8204
8328
4018
6064
3752
3545
7231
3277
6284
879
6409
2158
5172
2435
8356
6552
2641
7328
9772
5225
6654
3237
7491
6664
9320
578
7227
2359
9002
4540
3797
3569
1567
5936
4257
8892
7905
7533
9244
3910
1670
7332
8342
2734
9133
3054
8567
--
8551
3261
1931
9138
3602
6115
6778
7517
7102
1249
8435
928
8078
9181
5000
7865
4998
664
1039
3076
8125
5785
8649
2507
4662
6269
7965
5794
6296
6058
2758
7871
3849
9157
1499
756
647
8770
1097
8661
7194
871
9823
5992
4865
2429
9947
6660
7993
9378
3965
7260
8827
7238
433
1380
9529
8076
3111
8077
363
9512
3558
949
409
8100
1691
6916
6139
6104
4716
2191
1523
877
7263
2977
8216
8596
7338
839
5647
109
1256
3279
1478
3191
9257
3362
7228
4597
8833
9176
6444
4644
9620
7598
8971
1503
1067
1018
8532
4660
7022
7670
8417
1222
8429
7036
5825
5941
2220
5178
8186
4362
1352
13
855
987
2472
7631
889
516
6098
2573
8906
2504
7979
8657
560
6520
2196
4927
--
4352
8507
2217
9504
9683
303
5492
9154
1454
6731
5413
7128
189
9196
5465
5619
289
3382
9875
176
5335
1776
5637
7168
4987
6330
7138
7731
8794
1982
7250
295
730
5545
7683
2241
9847
5507
8198
617
9209
1203
8013
8886
3488
8013
2676
2799
1357
6714
720
1855
2160
--
8612
7505
3028
9348
5415
8500
430
930
7654
331
2271
3080
9368
8223
2873
3665
6263
9499
4592
6091
9062
8819
7952
6482
9985
4526
3065
7862
7789
954
698
5873
5967
3779
4896
3108
8931
8437
6454
4013
948
9641
2457
5529
7107
6361
9826
7139
464
4106
2809
9798
669
120
5216
8599
191
4268
5393
3202
7624
9283
6807
1775
2305
5325
4346
6457
6655
9326
7666
5374
9125
7062
9771
6167
5184
5970
1785
445
8649
4028
5816
8460
9242
4077
2631
6149
8075
310
6294
6563
7728
1428
5780
1442
4972
6803
140
3770
5686
5653
675
9590
1172
735
5948
5847
6098
7020
7237
8838
8297
1213
1667
6869
3370
7592
7924
8574
3808
8811
3026
2546
8902
1650
6831
2260
3870
9899
8118
9052
1624
2453
8185
7987
2922
9932
4296
5341
9266
8059
3167
4526
9692
6150
3444
9264
9037
3713
19
8770
5623
3167
6334
2782
7306
5688
44
3204
8793
4040
--
5891
7656
3585
5026
9370
1133
4121
2206
789
5658
1096
1292
3501
4965
4660
1814
6117
5368
5031
1041
7674
1229
4453
1831
7105
8152
6417
1198
1708
2146
7336
9417
6928
9813
8187
3872
822
279
3842
69
2847
3007
9511
2282
8744
7839
6330
8887
833
725
9254
9038
27
6684
4876
3004
3973
8172
6223
1077
3264
9617
9802
5889
5457
9270
3332
4320
3423
8505
40
8961
6531
4522
1525
6435
7235
8952
8908
7940
7032
5677
213
9928
--
2200
2425
9076
7992
2577
3120
2286
9920
3660
--
6465
443
2842
4796
2168
4529
6386
6005
7377
3449
775
5471
7278
3823
3776
939
9196
3849
4584
985
297
9997
2226
4966
1654
11
6448
4781
1513
329
4180
3624
6976
7353
4512
8616
1763
3509
4911
3511
8679
4621
3853
7207
832
4132
1537
8256
1835
7167
2297
741
9946
4074
9104
8132
456
9292
7767
3673
4870
588
9639
2551
8975
5266
2274
9026
7325
8701
2604
7874
8463
6589
6390
9282
4128
1954
1381
1671
5352
8765
3716
9636
4394
3286
1761
7445
4830
2286
477
4820
2271
2742
6070
7649
9887
4286
4422
8165
1019
4155
4329
8460
1902
8693
26
2228
6020
497
9796
5801
6211
1491
3305
7421
2055
9577
9993
1970
5757
2765
2049
9583
1449
8672
5535
6514
869
821
7451
5159
6110
5719
131
7255
5643
3742
1866
431
1962
9763
1436
9227
3793
3774
2244
4323
2319
4246
9603
3791
7047
6454
5906
635
1022
8044
4976
2764
7706
5635
5573
315
4381
9952
3049
16
5241
5168
6026
--
7514
1439
1198
7713
4693
4294
3922
1957
2936
3317
311
6098
5471
1539
5805
7110
3764
5105
8200
3338
9359
7436
--
6345
7915
4487
9239
7202
7097
8280
6529
9818
3855
8991
1493
9933
8902
8006
2584
2126
1362
3476
7014
1350
7186
1378
7425
8143
3261
1270
3355
2754
776
6743
8528
5432
4106
423
4918
9984
2579
8654
9957
6800
2313
9991
6041
4386
9545
6539
7430
3287
8594
5218
4696
4691
6980
6325
2659
9340
3956
772
8147
6037
3195
5056
3412
7959
9414
4571
9900
1480
6657
2564
8927
1836
3469
1225
5736
6744
6120
4852
1438
1848
4687
6233
5646
7751
1230
1187
4751
6224
9391
1234
6028
3941
3711
3365
2931
9887
4556
4098
4028
6208
7298
6357
5121
2077
6449
8585
9616
1281
9378
2276
1188
8655
7014
3805
3788
2591
6244
6356
2350
--
5796
4081
3610
--
4132
37
1725
8017
5329
7931
1148
1615
9408
6565
2083
1131
3011
5258
9023
8793
3466
4120
3065
4576
5044
7991
6528
9952
7911
5300
6875
336
8204
7657
6594
9623
4589
6849
8279
9937
6500
764
2898
6984
7017
1469
7968
8221
9046
996
1381
9709
8657
5411
1577
9023
2071
139
335
2061
3499
6792
6520
1706
3753
7744
1232
2201
1611
8529
9262
9515
6027
101
3941
485
3742
1036
2799
2280
8986
6092
9671
6565
8880
8467
7566
285
7815
5129
1680
8104
3660
2987
9802
280
8510
4139
7352
8628
8187
7247
5911
5051
1110
3522
181
2405
4630
4382
1298
1055
6222
8194
6816
2375
5261
4094
141
1568
1043
1098
8476
3434
1527
9059
7948
2714
4235
1297
9111
1945
6473
8707
5503
8258
9614
8052
7156
3513
1010
8860
9488
2231
3319
8522
8635
7073
5252
8110
3
7733
5225
5832
251
9717
4457
3859
5952
3543
4823
7485
2507
1103
3079
6815
7465
5829
6259
3972
5889
6249
1135
7786
2005
2539
7800
7104
--
4945
7182
6106
446
7643
7144
9350
9860
914
746
1445
9962
4434
5541
9665
4617
4090
3834
6974
8068
7776
2501
4520
1516
6397
5894
206
273
3032
1110
8928
2859
9811
8162
6399
9374
153
5000
538
209
3827
6408
7421
8445
9967
3640
8667
8527
3157
2932
71
314
301
9821
196
9521
1230
6333
714
8833
6445
6473
2732
721
8908
7853
9338
2754
8705
219
2990
7901
257
2574
4703
5906
4307
1346
34
7703
8829
--
591
1486
927
9128
2383
1039
2688
7104
8202
6585
1472
3269
9117
921
4268
6743
1193
6827
2054
1658
4592
1598
5517
4793
6240
2758
1178
8413
7228
8232
4769
9477
8507
7368
5605
3270
9933
1614
3145
5713
7532
8365
1645
2108
7003
2694
7480
5896
2742
6343
3006
2825
9294
2532
3265
5014
2396
256
7560
9602
9264
7465
6602
6724
2107
5273
4737
9037
2535
5593
2475
6910
5191
3694
3758
1607
4291
1182
8847
--
7262
2335
1231
6510
764
6197
4489
907
5814
1365
2869
9194
7261
7917
2436
7810
3638
6400
9311
9538
8266
8128
994
7939
8204
4927
4424
1751
3728
283
2180
9651
788
6982
4274
35
1852
9247
5831
6105
4810
7607
6419
7993
3515
3065
4714
8828
8244
3048
9325
722
9302
9847
5134
5457
7252
3844
8271
2682
4641
4824
8728
6585
6536
5312
7400
7265
5337
8292
3919
8452
2205
5727
5703
9968
9381
5707
6779
4643
6145
3769
644
1204
8282
5513
3272
8040
840
733
887
6510
2221
4553
862
1345
1080
3823
5246
8846
9541
8624
7269
8641
6929
5020
8856
8663
3749
101
8305
3414
5797
8887
2083
1108
8526
2002
2789
5546
6053
6460
1961
7557
1044
4764
9781
3296
9543
9141
8828
8918
2501
2198
3288
3074
6944
9500
8062
225
3810
1596
9615
4792
7787
2951
7590
8936
6546
3652
6905
7140
265
5353
4566
8753
1592
5213
119
6474
2314
5853
5749
6254
481
1594
6470
2736
6550
153
1334
2321
1792
2402
343
3855
9412
7733
4661
5775
8434
4852
8640
8007
4499
1544
7691
4103
--
3401
9547
9280
5346
1975
6481
4290
1349
6082
7528
4338
1300
7089
1250
6509
6053
7268
9164
7838
3089
9235
4527
8200
8213
8757
2637
6805
7394
1595
8544
6065
4989
4174
219
1891
2116
7814
6631
3155
6666
6042
6344
8877
4818
5910
2275
2688
282
5969
5848
7576
785
372
502
1988
329
369
4259
2724
3568
3224
8537
4509
8425
5934
4415
1576
4902
6054
7830
2734
3303
5526
6699
7914
3327
4968
880
8500
2894
6652
2576
8192
1955
9062
8078
3503
4555
2660
2815
3875
9235
3329
7652
5090
1977
766
443
7901
127
122
3609
1757
9679
704
3648
4128
5349
1383
484
3226
7028
5007
9082
3689
2280
4797
8011
1154
6751
7224
5443
2299
7580
5480
6013
3477
4490
5328
5810
1621
5092
4508
8428
2573
5531
4396
526
5507
8603
6741
6728
9769
5857
82
5751
9692
8129
5676
6229
6894
6152
4048
201
7711
3755
9622
5231
4167
4204
7648
3951
8626
4078
7111
5801
2575
7555
7797
9213
9071
9709
4737
935
2596
5463
1213
1994
5711
9355
--
357
634
7541
5994
7506
7050
4142
3662
6742
9739
2038
4454
4141
2682
2017
2536
518
--
6075
4964
8766
7847
8572
5359
9489
1611
3448
2186
1568
1301
33
3770
4807
1730
3643
1456
5678
6389
8946
2534
501
9590
408
1507
--
1721
7283
1475
4192
1552
4367
753
3545
7920
5779
8033
409
988
6336
9079
8347
2326
5581
9730
9631
3861
4076
7985
9088
964
3262
1018
1176
6472
4635
507
9584
5857
4986
1855
1348
7817
1129
3301
9221
3997
9974
3377
2733
8133
541
2184
8710
4528
450
141
3435
4469
9498
9024
2676
8743
695
5382
6230
9016
9419
1287
1938
8937
8084
9918
8808
7480
2363
7563
6317
5542
1296
2355
2003
4618
171
5964
5489
3707
9330
4614
9098
4135
7686
430
4628
3876
7224
5743
4996
549
2774
9353
2926
8057
1488
9731
3795
1056
7924
5034
84
1745
684
3619
7248
9665
5000
6347
2448
28
8189
3492
1336
7098
9885
4752
2801
3486
3822
1956
6224
5149
5069
7409
3616
2784
255
5821
3859
8092
1000
3734
5441
13
6427
6330
1989
2692
6769
5243
3901
3604
7386
6338
5840
2657
4105
--
1549
5315
1697
17
4369
2993
625
1867
4533
9127
7603
1119
7741
4174
79
7902
8202
2776
8003
3322
7943
6654
8
4901
7091
1199
6469
2070
5956
9174
9469
5156
8104
114
3991
6414
1081
9781
3760
9958
9148
2219
5606
9731
5067
5034
1316
292
6364
5391
7832
3795
9312
2287
6971
8637
4706
8153
2095
342
2166
97
5184
823
9239
1609
7506
8802
3946
2026
6038
5516
4999
1791
1214
3023
--
9511
5209
1646
4780
4302
4024
5270
1463
6440
1959
2800
8271
4258
6757
3250
9877
7130
771
6574
3831
1313
6733
9017
7060
5541
5809
1343
7197
9043
5019
1005
1789
2182
8466
9484
638
4267
3769
1789
6543
5340
3622
5679
5854
2436
253
3819
9156
5010
2087
7013
3101
7940
193
8727
5046
1036
1159
1973
1538
7238
4467
1420
6805
417
453
7088
8525
539
5028
6417
2470
2590
2251
7851
1915
5148
995
6217
547
--
6502
8485
5144
3373
7886
6851
1419
9625
9631
2166
1498
8242
3201
3335
3923
4097
2763
2565
1131
3446
8432
1627
5797
4331
4860
3170
3108
1195
4947
3776
7122
7657
8625
6690
617
2358
6440
8224
34
84
9261
8215
6936
6427
7947
6396
4841
5016
399
3035
8595
9429
7846
4510
2221
1360
1660
6447
4568
2825
8831
8555
7286
8256
7046
265
8793
9624
9737
2135
4175
189
777
6225
9875
6389
6183
647
7517
3448
4386
9869
617
953
8292
7527
7198
292
1341
5178
3342
5276
4942
5493
8340
4461
8485
5728
4243
7688
8544
7176
--
9359
9271
6662
5802
4012
3330
9709
3008
6027
4506
3360
3786
7121
4263
4488
6734
8390
3625
2139
4891
4681
7624
664
4648
7424
1952
2288
4083
2897
5987
2707
2805
1832
6521
4608
4966
1633
5406
206
4518
5837
6721
5295
2396
9192
9988
5085
1021
2125
6031
7311
2375
4369
7835
8039
6772
9416
8952
8040
6886
9318
566
3996
7835
1027
6159
6935
8768
9667
4690
9421
2421
345
7418
5473
2032
5785
5755
5653
9553
8004
9604
4622
7266
3823
8944
7747
1250
3661
822
17
962
5969
4197
508
5029
2889
399
9321
8876
2867
4517
3434
2487
3445
2778
4384
159
1748
1875
4485
5584
6752
2649
2321
1326
9535
1745
7235
2859
5143
5152
7901
3813
8907
9928
7456
1406
7793
2958
910
8653
8460
7287
237
9619
562
7173
7428
3753
822
2237
4996
397
1661
2360
2275
3678
5952
5905
7892
8007
5551
5381
2697
9956
2602
9052
2054
9402
3919
3463
8801
8391
9161
4730
3393
7314
8011
9748
5075
8537
2172
2214
3250
6803
5703
8338
5662
3045
5821
3550
7583
1512
8333
1757
8596
1081
4516
2304
7214
4484
--
4392
2135
9980
5155
8386
7727
9655
292
5547
2189
8148
8123
9344
3008
1270
3715
8341
1185
6590
795
9634
903
2251
3408
5565
7646
3660
5189
610
1801
8646
2328
--
8516
7329
8787
9148
4648
6003
3895
7851
9350
2128
1051
590
950
2042
8249
9795
5828
5311
111
6281
6743
2238
--
9785
1830
8501
9003
7712
6487
2625
935
8885
3648
6915
6661
7669
5441
5768
4389
535
8714
1847
226
1871
2465
9846
3525
3475
8989
3464
6905
6704
9081
2280
5176
8514
3996
5964
5019
1128
6791
4807
4924
1156
7239
5881
6421
6392
5999
822
8492
4545
7150
334
6322
9187
2079
1680
3255
9003
1949
4063
4424
5548
3092
6108
7411
7661
2874
1695
6986
2246
8745
7509
1673
4105
7705
6636
6408
8474
662
2015
6199
4293
3798
1382
4072
1163
3972
8438
7517
5943
27
9443
4865
9880
9113
496
8820
8304
7575
3405
6813
4736
6488
158
6854
3034
5123
2736
5830
904
3697
9467
3293
3906
3595
8494
4896
5250
2717
4947
1793
1090
9329
15
2111
7861
8008
8691
2403
3432
8228
3219
1400
7141
365
3051
5494
7087
2289
9906
2048
5867
6104
8987
8002
3596
6123
7959
5127
1836
5449
8784
7585
6918
--
7099
2610
4498
6996
7427
4661
1514
4123
7215
6214
2256
2505
6935
1000
5883
6591
5132
1125
8819
3925
9808
2854
5452
7963
5383
9706
1653
7458
8186
345
9784
327
4010
9837
5521
470
139
8585
6412
5283
6466
8107
6770
5922
9001
9483
2713
3088
4406
8820
7563
8602
447
2384
9534
2482
517
4346
2615
5612
3184
9470
4442
9383
6059
7779
1133
5253
7772
2294
1865
1591
7432
3757
8046
7004
494
8166
1045
7944
8502
7409
4264
6807
919
7474
1001
2680
2338
8135
6088
3336
6243
9023
4673
706
5868
7914
1188
4962
9963
4571
4691
1841
2574
3760
3792
9088
8714
8735
412
7181
1745
5058
2422
4103
6936
3628
2067
8375
5911
7213
8589
3998
1323
4731
2299
1471
9839
9229
128
472
917
3937
9789
9270
1180
6242
5895
9647
6225
9594
9857
4083
3194
8508
5635
3183
2649
4903
7256
9937
3279
7959
7123
1277
7456
5155
3338
2402
2989
3904
7721
9632
833
8388
6467
1125
1303
8313
1907
1345
3222
124
652
--
3910
4235
5361
3967
9626
9537
1406
3118
7202
7261
9938
8382
7258
1308
1679
2335
8329
1807
7468
5263
7980
4527
5232
2660
4983
7550
2708
5872
3205
7910
7207
7174
366
641
3402
7088
2878
2933
5530
8348
9368
5833
8026
8097
7899
6350
3458
9613
110
9376
6600
9376
2809
4043
9914
8902
9972
6268
9855
2849
5642
8604
8484
7558
--
3328
3663
140
2389
5392
678
7703
7640
5494
3355
4028
9027
6896
459
3276
6913
7497
5254
6010
119
5310
4245
339
6921
3260
8142
8519
9721
2168
4067
3573
9163
9875
8247
264
9928
2319
5499
7761
3053
8112
3404
28
9133
356
2192
5066
1931
5119
7061
3932
2096
2739
--
1159
4791
9966
8651
2105
5728
2899
9469
4982
3531
9794
2449
8939
9225
5955
1037
9987
3803
8652
6058
9235
5661
6441
5415
8862
6561
3355
2432
1822
4899
175
4728
2108
9852
5087
558
5655
5217
4943
2737
6582
7920
4043
7144
8358
4502
1392
3233
5734
1918
1300
3168
5938
7342
1520
8192
9550
3316
9271
3923
8804
3071
4198
7088
1555
4885
2992
2779
4435
9070
1960
4739
1722
875
3220
7608
8345
6022
8629
4603
6648
4647
3796
7748
442
9849
2914
9842
1356
2519
2650
4475
8292
7288
8029
8119
999
--
9923
2797
1760
--
7974
7454
975
4517
8971
4287
1550
8354
2796
4384
7970
3050
9838
9247
1102
7114
5133
2910
7421
3814
5414
887
4543
8156
1050
2741
6079
1301
8563
8267
7568
4790
211
7613
7343
2766
228
2013
6396
3893
4237
7498
5569
2487
1881
7593
2573
1314
1042
8414
9018
5320
1831
6316
9692
9039
8381
7054
4014
5725
2563
9117
3158
1158
185
3486
3968
56
9446
7484
9192
7540
405
1146
6301
7293
8481
7112
9486
2096
9325
5085
6629
8591
4583
5454
2014
6755
2824
1347
6644
975
9281
7728
3236
4399
985
7736
722
1319
3248
1761
8852
9648
7743
5321
2632
8492
3414
7335
9319
5897
2128
8816
4304
5346
4553
5192
7894
3010
4828
630
1050
8711
5224
2433
113
1387
8876
7013
6782
1757
8866
8320
1774
7050
8568
7462
7076
6186
2781
1331
--
3132
172
945
6321
2023
1099
1130
5554
3980
6537
1773
8230
8473
4204
8973
1035
4786
530
7572
8418
444
3839
9246
1128
8871
6279
9544
1539
5491
4713
8712
6145
3191
9743
5567
8927
6314
1745
5670
5383
5391
6967
5011
8380
1266
5496
956
23
9105
5024
5511
4822
6635
8776
3768
--
4611
8659
6048
7516
5811
8030
1702
7172
6281
7319
5357
2938
5965
4633
4609
8352
7501
2585
4977
1726
9331
8356
1158
7969
9500
5060
6357
286
1641
650
8156
7810
8384
1615
4605
278
9776
5553
2570
9851
4281
8572
9470
7235
8299
5581
8372
6615
5781
479
6549
4160
7131
3124
9957
2299
3719
590
5953
5650
8675
8049
4991
2863
7088
9960
1375
5758
163
7180
8204
9949
9347
4447
7118
7640
3936
9536
2746
3465
3737
1069
4440
8764
3775
6304
97
297
2196
545
5940
8461
3602
5712
2702
1378
8535
833
1154
6641
917
6572
6575
5122
3109
1857
1804
9260
2660
901
5768
5617
1653
399
2588
2458
2538
3234
3151
9284
8701
7308
2365
1969
1042
9063
9498
7881
3444
6437
4269
3024
4298
7500
6781
6854
2938
4415
6175
6434
7227
4033
4108
2041
9108
8542
936
6152
7147
4034
8834
5436
6337
1713
8612
152
3788
6047
1207
6548
8295
4258
478
6965
8399
716
636
2760
4829
8764
8882
9763
5429
5408
1342
7800
4032
1495
8129
6389
1255
8333
3292
9781
8151
1070
3190
8078
3549
6153
1599
1241
8668
6668
1592
3781
4762
4737
4794
3935
--
7976
4089
2592
9434
8365
3237
8563
3216
4927
6536
5031
2529
2654
6326
6439
5345
3668
3243
116
6867
2247
2164
1654
3595
8646
1745
189
8325
4285
9910
7657
7631
416
7164
8870
6687
4715
8330
9548
5998
7895
1266
4260
8811
7923
5837
2171
8529
4828
3892
9791
5158
5113
3768
9065
4776
5829
980
5916
--
3163
6226
9048
5343
3688
2101
7401
7385
2824
5969
1329
9765
4504
4375
3859
8323
6195
3827
2127
3471
5640
--
3484
7546
3682
6723
2396
6248
8144
4795
5657
6043
2745
8592
1339
9761
3377
1670
4359
8912
9965
3491
8306
7523
8272
3649
1670
1323
5767
9383
8247
9663
9088
9401
8365
5000
1135
1448
1587
9997
6898
3061
1581
3734
4582
2655
9533
6069
4205
8218
5392
6164
5518
8592
9174
2074
3631
3339
7039
9474
6093
8814
5901
5429
2362
4021
1035
3873
48
1103
9762
259
4734
5956
2663
2715
4347
6004
3605
2506
1866
7070
5682
1281
7973
5584
1733
913
2718
5383
2672
7225
261
5654
5419
9272
7079
793
7608
2825
3762
9282
4508
8939
2334
8059
8883
8020
4602
939
2772
3674
408
2717
8928
2223
4390
5788
6339
3260
7562
1893
9288
8477
6755
3368
7734
9967
6768
8461
3708
6290
3464
6278
9631
4217
3294
4563
7470
2582
6536
2661
2778
1274
6267
9763
9457
2851
9631
9915
2549
2835
2688
6912
9486
--